,0
0,1941
1,1972
2,1954
3,1943
4,2014
5,1994
6,1958
7,1946
8,1952
9,2016
10,1940
11,1958
12,1948
13,2006
14,1959
15,1950
16,1994
17,1990
18,1949
19,1964
20,1940
21,2008
22,1959
23,1960
24,1973
25,1941
26,2018
27,1985
28,1957
29,2016
30,1968
31,1941
32,2013
33,1975
34,2007
35,1951
36,1940
37,1973
38,2013
39,1940
40,2002
41,1969
42,1991
43,2015
44,1995
45,2010
46,1964
47,2016
48,1944
49,2007
50,1938
51,1959
52,2012
53,2019
54,2011
55,2008
56,2013
57,2017
58,1962
59,1956
60,2015
61,1976
62,1962
63,1994
64,2014
65,2009
66,1970
67,2018
68,1943
69,2015
70,2004
71,1960
72,1979
73,1950
74,2011
75,2017
76,2003
77,2010
78,2017
79,2012
80,1964
81,1942
82,1990
83,2018
84,2018
85,2000
86,1933
87,2016
88,2000
89,2015
90,2016
91,1939
92,2017
93,2013
94,1993
95,2015
96,2007
97,1973
98,1971
99,2009
100,1981
101,1978
102,1995
103,1953
104,2016
105,2007
106,1956
107,2008
108,1987
109,2009
110,1992
111,1974
112,2017
113,2015
114,2019
115,1997
116,2001
117,1977
118,2001
119,1916
120,2014
121,1946
122,2001
123,2010
124,1984
125,2015
126,2016
127,2018
128,2004
129,2002
130,TBA
131,2018
132,1975
133,1979
134,1999
135,1967
136,1952
137,2003
138,2006
139,1930
140,2018
141,1956
142,1939
143,2013
144,2018
145,1954
146,2015
147,2015
148,2000
149,1989
150,2008
151,2018
152,2017
153,1996
154,1970
155,1983
156,1942
157,1931
158,1938
159,2007
160,2013
161,2011
162,2014
163,1998
164,1985
165,2018
166,1992
167,2018
168,2016
169,2010
170,2015
171,2017
172,1977
173,1974
174,1961
175,1997
176,2002
177,2001
178,2013
179,1997
180,2016
181,2012
182,2011
183,2012
184,2003
185,1999
186,1967
187,1933
188,2004
189,2004
190,1999
191,2010
192,2015
193,2000
194,2017
195,2018
196,2014
197,2003
198,1986
199,1929
200,2013
201,2018
202,2001
203,1971
204,2016
205,2006
206,2015
207,1969
208,2003
209,1998
210,2013
211,2016
212,1977
213,2007
214,1993
215,2018
216,2003
217,2005
218,2014
219,2006
220,1997
221,1971
222,2004
223,1993
224,1976
225,2008
226,1992
227,2018
228,1949
229,2009
230,2015
231,1973
232,2006
233,2019
234,1975
235,2016
236,2014
237,2017
238,2014
239,2014
240,1954
241,2007
242,1947
243,2019
244,1994
245,2015
246,TBA
247,2009
248,2015
249,1984
250,1976
251,1979
252,1968
253,2011
254,1980
255,2004
256,1993
257,1990
258,2018
259,2018
260,1982
261,1952
262,2006
263,2019
264,2017
265,TBA
266,1974
267,2007
268,2011
269,2015
270,1994
271,2014
272,2001
273,1985
274,2018
275,2002
276,2018
277,1989
278,2005
279,2018
280,1951
281,2009
282,2014
283,2017
284,2014
285,2017
286,2017
287,2010
288,2016
289,2014
290,2014
291,2018
292,2014
293,2002
294,2001
295,1991
296,2007
297,2006
298,2013
299,2017
300,2010
301,2018
302,1994
303,2000
304,2010
305,2016
306,2009
307,2019
308,2018
309,1994
310,2010
311,1982
312,1962
313,2016
314,2015
315,2019
316,1999
317,2018
318,2015
319,2005
320,1991
321,1964
322,2002
323,2006
324,2018
325,2018
326,2016
327,2017
328,2014
329,1994
330,2011
331,1998
332,2018
333,1934
334,2013
335,2011
336,1981
337,2015
338,2017
339,2009
340,2003
341,1978
342,1969
343,2016
344,1993
345,2015
346,1957
347,1965
348,1992
349,2018
350,TBA
351,2017
352,2014
353,1960
354,1985
355,2018
356,2017
357,2005
358,2015
359,2012
360,2013
361,2018
362,1980
363,2015
364,2013
365,2004
366,2004
367,2006
368,2018
369,2003
370,2011
371,1963
372,2005
373,2016
374,2012
375,2018
376,2011
377,1974
378,1955
379,2014
380,2004
381,2005
382,2014
383,2017
384,1996
385,2018
386,2005
387,2012
388,2011
389,2011
390,1999
391,1996
392,1963
393,2015
394,2016
395,2016
396,2014
397,1975
398,2003
399,2019
400,2002
401,2012
402,2019
403,2015
404,2010
405,2000
406,1989
407,1975
408,1942
409,1993
410,2013
411,2008
412,2014
413,2015
414,1995
415,1978
416,2004
417,1999
418,1999
419,2016
420,2016
421,2014
422,2014
423,2016
424,2010
425,1999
426,1988
427,2014
428,2018
429,1998
430,2011
431,1988
432,1993
433,2017
434,2017
435,2017
436,2012
437,1969
438,2017
439,2003
440,2002
441,2001
442,2017
443,2012
444,2011
445,2019
446,2018
447,1995
448,1984
449,1967
450,TBA
451,2009
452,1982
453,1961
454,2006
455,2014
456,2013
457,2013
458,1968
459,2017
460,2012
461,2006
462,2004
463,2002
464,2001
465,2000
466,1990
467,2012
468,2006
469,2019
470,1985
471,1992
472,2004
473,2007
474,2017
475,2004
476,2003
477,2003
478,1992
479,2009
480,2019
481,2017
482,2011
483,2014
484,1939
485,2017
486,2013
487,1999
488,2010
489,2006
490,1967
491,2012
492,1991
493,2008
494,1989
495,2000
496,1970
497,1953
498,2007
499,1981
500,2018
501,2011
502,2017
503,2002
504,2001
505,2000
506,1997
507,1981
508,2011
509,2014
510,2015
511,2008
512,2007
513,2019
514,2014
515,2018
516,2010
517,2016
518,2017
519,2014
520,2001
521,2015
522,2010
523,2015
524,2001
525,1989
526,2007
527,2017
528,1967
529,1959
530,2014
531,2007
532,1988
533,2005
534,2006
535,2016
536,2004
537,2004
538,2009
539,2017
540,2011
541,1964
542,2006
543,2010
544,1996
545,2006
546,1992
547,2019
548,2003
549,2002
550,2002
551,2004
552,1989
553,2018
554,2006
555,2017
556,2017
557,1991
558,2001
559,1994
560,1974
561,2017
562,2016
563,2005
564,2009
565,2017
566,2009
567,2013
568,1950
569,2002
570,2007
571,2011
572,2008
573,2017
574,2007
575,2017
576,2017
577,2010
578,2009
579,2003
580,1998
581,1988
582,2018
583,1999
584,2018
585,2009
586,2011
587,1993
588,1993
589,2013
590,1976
591,2014
592,1964
593,2017
594,2004
595,2001
596,2000
597,2000
598,1981
599,2012
600,2017
601,1996
602,2017
603,2008
604,1951
605,1956
606,2007
607,2005
608,2006
609,2009
610,2003
611,1999
612,2012
613,2017
614,2000
615,2015
616,2008
617,1989
618,2018
619,1979
620,2016
621,2019
622,2001
623,2009
624,2006
625,1993
626,1987
627,2017
628,1980
629,2008
630,2016
631,2015
632,2004
633,2002
634,2002
635,2001
636,1993
637,1985
638,2016
639,2013
640,2019
641,2005
642,1986
643,2008
644,2003
645,2012
646,2012
647,2017
648,2016
649,2017
650,2008
651,2006
652,2005
653,2001
654,2018
655,1993
656,2008
657,2006
658,2013
659,2018
660,2018
661,2008
662,2017
663,1991
664,2013
665,2018
666,1999
667,1993
668,2011
669,2018
670,1984
671,2007
672,2014
673,2008
674,2006
675,2016
676,2017
677,2006
678,1982
679,2002
680,2002
681,2001
682,1995
683,TBA
684,2016
685,1953
686,2013
687,2006
688,2009
689,2002
690,2019
691,2006
692,1979
693,2012
694,2014
695,2019
696,2011
697,2003
698,2001
699,2010
700,2010
701,2009
702,2015
703,2016
704,2016
705,1995
706,2018
707,2002
708,2001
709,1993
710,2009
711,2015
712,1976
713,2008
714,1996
715,1996
716,1967
717,1976
718,2009
719,2009
720,2003
721,2004
722,2001
723,2001
724,2015
725,2017
726,1975
727,2015
728,TBA
729,2008
730,1989
731,2003
732,1988
733,2015
734,2018
735,2013
736,2016
737,2001
738,2005
739,2011
740,2013
741,2010
742,2004
743,2013
744,1996
745,2015
746,2016
747,2007
748,2008
749,2011
750,2010
751,2013
752,1968
753,2011
754,2013
755,2014
756,2014
757,2016
758,2013
759,2012
760,2010
761,2009
762,2009
763,2007
764,2002
765,1987
766,1979
767,2015
768,2013
769,2007
770,2009
771,2019
772,2018
773,2014
774,1973
775,2013
776,2008
777,2004
778,2004
779,1997
780,1995
781,2005
782,2018
783,2018
784,2007
785,2014
786,1962
787,1992
788,2017
789,2012
790,2001
791,2015
792,2003
793,2009
794,1961
795,1989
796,2016
797,2005
798,2018
799,2008
800,2015
801,2015
802,2015
803,2016
804,2017
805,2007
806,1963
807,2015
808,2014
809,2017
810,2018
811,1999
812,2015
813,1983
814,2012
815,2018
816,2006
817,1982
818,2017
819,2015
820,2013
821,2002
822,2019
823,2010
824,2019
825,2013
826,2010
827,2019
828,2008
829,2010
830,2012
831,2015
832,2005
833,1994
834,2012
835,2004
836,2002
837,1995
838,2017
839,2005
840,2005
841,2013
842,1989
843,1980
844,2010
845,2009
846,2010
847,2007
848,1997
849,2016
850,1993
851,1968
852,2005
853,2005
854,2003
855,2000
856,2003
857,2018
858,2009
859,2018
860,1972
861,2013
862,2007
863,2013
864,2012
865,2008
866,1996
867,2008
868,2009
869,2011
870,2004
871,1997
872,2017
873,2014
874,2007
875,2005
876,2013
877,2008
878,2016
879,2011
880,1975
881,2018
882,1998
883,2008
884,2016
885,2016
886,2017
887,1986
888,2012
889,2015
890,2012
891,2009
892,2004
893,2004
894,1999
895,2008
896,2016
897,2011
898,2018
899,2011
900,TBA
901,2002
902,2016
903,2012
904,2017
905,2012
906,2006
907,2005
908,2018
909,2018
910,2015
911,2014
912,2014
913,2011
914,2010
915,2009
916,2005
917,2004
918,2003
919,2002
920,1995
921,2008
922,1989
923,2017
924,2014
925,2017
926,1966
927,1980
928,2004
929,2003
930,2002
931,2001
932,2000
933,2006
934,2016
935,2013
936,2012
937,2018
938,2014
939,2007
940,2005
941,2009
942,2004
943,2002
944,2000
945,1998
946,1997
947,2007
948,2015
949,2000
950,2008
951,2018
952,2013
953,2017
954,2017
955,2015
956,2015
957,2003
958,2005
959,2003
960,2009
961,1995
962,2018
963,2013
964,1994
965,2017
966,2016
967,2007
968,2014
969,2010
970,2017
971,2003
972,1994
973,2010
974,2014
975,2007
976,2016
977,2009
978,2015
979,1995
980,2017
981,2014
982,2015
983,1989
984,2015
985,2019
986,2010
987,2003
988,2014
989,2017
990,2015
991,2015
992,2011
993,2007
994,1999
995,1979
996,2009
997,2009
998,1978
999,2018
